% CDF

STnetHyB	=[3.791127;3.791127;3.791127;3.791127;3.791127;3.791127;3.791127;3.791127;3.791127;3.791127;3.791127;3.791127;3.791127;3.791127;3.791127;3.791127;3.791127;3.791127;3.791127;3.791127;3.791127;3.791127;3.791127;3.791127;3.791127;3.791127;3.791127;3.791127;3.791127;3.791127;3.791127;3.791127;3.791127;3.791127;3.791127;3.791127;3.791127;3.791127;3.791127;3.791127;3.791127;3.791127;3.791127;3.791127;3.791127;3.791127;3.791127;3.791127;3.791127;3.791127;3.791127;3.791127;3.791127;3.791127;3.791127;3.791127;3.791127;3.791127;3.791127;3.791127;3.791127;3.791127;3.791127;3.791127;3.791127;3.791127;3.791127;3.791127;3.791127;3.791127;3.791127;3.791127;3.791127;3.791127;3.791127;3.791127;3.791127;3.791127;3.791127;3.791127;3.791127;3.791127;3.791127;3.791127;3.791127;3.791127;3.791127;3.791127;3.791127;3.791127;3.791127;3.791127;3.791127;3.791127;3.791127;3.791127;3.791127;3.791127;3.791127;3.791127];
STnetMhB	=[4.20192;4.234937;4.269267;4.288283;4.291617;4.294277;4.295947;4.32328;4.368963;4.388977;4.404647;4.40699;4.409307;4.433313;4.451987;4.482667;4.506;4.51369;4.560357;4.56103;4.5767;4.6067;4.655723;4.660713;4.6874;4.689723;4.691063;4.691723;4.700403;4.712727;4.719057;4.727737;4.736747;4.752417;4.76375;4.79643;4.807083;4.823103;4.832437;4.83843;4.840107;4.85045;4.853123;4.866113;4.87146;4.879433;4.881453;4.89445;4.939143;4.952153;4.95581;4.965473;4.969467;4.987473;4.98915;4.98981;5.00783;5.01717;5.018147;5.032833;5.04284;5.059493;5.07686;5.09051;5.093177;5.096847;5.09851;5.102173;5.104187;5.11018;5.11851;5.125197;5.157527;5.162523;5.184193;5.197533;5.235547;5.242557;5.252207;5.254233;5.2569;5.26723;5.35261;5.385937;5.388947;5.393263;5.514637;5.51665;5.5203;5.55731;5.597997;5.71704;5.742037;5.819073;5.83974;5.865403;5.91378;6.01912;6.100473;6.570627];
STnetHtC	=[3.970507;4.071213;4.11623;4.126897;4.139907;4.14757;4.17058;4.179577;4.253267;4.263933;4.264593;4.27561;4.27561;4.288263;4.301933;4.319293;4.32928;4.329623;4.33262;4.33462;4.3773;4.377637;4.38097;4.39097;4.39798;4.398317;4.401307;4.41231;4.421313;4.422977;4.42365;4.428653;4.44233;4.452983;4.455987;4.45934;4.468007;4.47633;4.478667;4.484007;4.488;4.541697;4.54503;4.571697;4.57637;4.581367;4.600047;4.601697;4.618377;4.619043;4.6207;4.62804;4.63171;4.639723;4.64305;4.65305;4.666733;4.682733;4.69206;4.73674;4.74074;4.749737;4.755757;4.77542;4.80542;4.806113;4.81676;4.820767;4.863117;4.87911;4.89544;4.907467;4.915783;4.929467;4.947123;4.947797;4.97047;4.97148;4.986147;5.023143;5.033163;5.061493;5.065513;5.070167;5.08818;5.088503;5.095863;5.105843;5.1802;5.281593;5.33024;5.390267;5.40325;5.47562;5.54764;5.709357;5.77504;5.808043;5.835073;5.864043];

NSFnetHyB	=[5.502551;5.502551;5.502551;5.502551;5.502551;5.502551;5.502551;5.502551;5.502551;5.502551;5.502551;5.502551;5.502551;5.502551;5.502551;5.502551;5.502551;5.502551;5.502551;5.502551;5.502551;5.502551;5.502551;5.502551;5.502551;5.502551;5.502551;5.502551;5.502551;5.502551;5.502551;5.502551;5.502551;5.502551;5.502551;5.502551;5.502551;5.502551;5.502551;5.502551;5.502551;5.502551;5.502551;5.502551;5.502551;5.502551;5.502551;5.502551;5.502551;5.502551;5.502551;5.502551;5.502551;5.502551;5.502551;5.502551;5.502551;5.502551;5.502551;5.502551;5.502551;5.502551;5.502551;5.502551;5.502551;5.502551;5.502551;5.502551;5.502551;5.502551;5.502551;5.502551;5.502551;5.502551;5.502551;5.502551;5.502551;5.502551;5.502551;5.502551;5.502551;5.502551;5.502551;5.502551;5.502551;5.502551;5.502551;5.502551;5.502551;5.502551;5.502551;5.502551;5.502551;5.502551;5.502551;5.502551;5.502551;5.502551;5.502551;5.502551];
NSFnetMhB	=[7.47134;7.599399;7.645189;7.748461;7.788136;7.80999;7.853764;7.856995;7.866674;7.887068;7.902786;7.904408;7.914206;7.946257;7.948695;7.961919;7.969626;7.971882;7.98155;7.996556;8.007702;8.014804;8.018484;8.049099;8.050791;8.074094;8.079888;8.082124;8.086262;8.098564;8.112801;8.132189;8.157312;8.157363;8.167555;8.176006;8.178473;8.178932;8.195349;8.214253;8.225174;8.234196;8.240258;8.242082;8.249826;8.250957;8.254086;8.269334;8.275185;8.276147;8.28692;8.296859;8.300542;8.308954;8.318559;8.322912;8.33384;8.349234;8.35395;8.363524;8.398046;8.406655;8.411835;8.423476;8.426762;8.42931;8.430799;8.441249;8.445313;8.448739;8.459663;8.497364;8.507251;8.510038;8.525286;8.541534;8.545453;8.552488;8.581023;8.597666;8.610095;8.634776;8.637614;8.663493;8.698034;8.71387;8.721105;8.723366;8.734689;8.761545;8.79926;8.901055;8.901057;8.935794;8.941775;8.956743;9.035003;9.064765;9.223251;9.353208];
NSFnetHtC	=[6.643665;6.772226;6.813837;6.857689;6.872913;6.87727;6.902808;6.909684;6.918925;6.934141;6.938204;6.956116;6.973369;6.980376;7.001802;7.017681;7.020054;7.02768;7.029005;7.03923;7.056537;7.085714;7.097494;7.101549;7.128718;7.16196;7.178274;7.190859;7.222737;7.227241;7.241426;7.249131;7.249555;7.277433;7.300952;7.302867;7.304587;7.306;7.3214;7.321506;7.333654;7.336118;7.337879;7.343698;7.349087;7.358715;7.364867;7.370463;7.375751;7.39306;7.3962;7.401966;7.429737;7.438743;7.468967;7.470892;7.478866;7.480836;7.485964;7.497539;7.502608;7.504377;7.508338;7.533266;7.53344;7.557568;7.563066;7.563225;7.573685;7.596101;7.61983;7.626174;7.637545;7.638241;7.654286;7.657701;7.670677;7.720186;7.720527;7.723337;7.729761;7.730815;7.739317;7.748602;7.753341;7.758181;7.794572;7.827002;7.84629;7.850834;7.868164;7.869373;7.875794;7.887127;7.891942;7.896642;7.90482;8.045137;8.141309;8.461737];

USnetHyB	=[4.977475;4.977475;4.977475;4.977475;4.977475;4.977475;4.977475;4.977475;4.977475;4.977475;4.977475;4.977475;4.977475;4.977475;4.977475;4.977475;4.977475;4.977475;4.977475;4.977475;4.977475;4.977475;4.977475;4.977475;4.977475;4.977475;4.977475;4.977475;4.977475;4.977475;4.977475;4.977475;4.977475;4.977475;4.977475;4.977475;4.977475;4.977475;4.977475;4.977475;4.977475;4.977475;4.977475;4.977475;4.977475;4.977475;4.977475;4.977475;4.977475;4.977475;4.977475;4.977475;4.977475;4.977475;4.977475;4.977475;4.977475;4.977475;4.977475;4.977475;4.977475;4.977475;4.977475;4.977475;4.977475;4.977475;4.977475;4.977475;4.977475;4.977475;4.977475;4.977475;4.977475;4.977475;4.977475;4.977475;4.977475;4.977475;4.977475;4.977475;4.977475;4.977475;4.977475;4.977475;4.977475;4.977475;4.977475;4.977475;4.977475;4.977475;4.977475;4.977475;4.977475;4.977475;4.977475;4.977475;4.977475;4.977475;4.977475;4.977475];
USnetMhB	=[7.729597;7.770047;7.858153;7.875942;7.882061;7.896573;7.899147;7.921431;7.930749;7.937401;7.955481;7.95821;7.958756;7.964855;7.977039;8.030039;8.079832;8.087113;8.098045;8.099509;8.10347;8.111289;8.112525;8.133872;8.138879;8.139833;8.145927;8.156058;8.157382;8.163736;8.169804;8.203805;8.207021;8.207753;8.20788;8.213281;8.219664;8.224073;8.224669;8.225228;8.228525;8.229051;8.23506;8.236025;8.2392;8.241103;8.249149;8.265694;8.267154;8.268719;8.273504;8.274736;8.282753;8.285441;8.287563;8.304849;8.309256;8.318656;8.320909;8.324515;8.328585;8.350459;8.353281;8.363939;8.372235;8.380176;8.390737;8.394085;8.394251;8.395329;8.399056;8.404663;8.413948;8.431898;8.439926;8.443736;8.469875;8.479713;8.487743;8.498517;8.498754;8.522461;8.525577;8.553246;8.554297;8.557881;8.578763;8.595771;8.599496;8.610068;8.648545;8.650195;8.651362;8.659975;8.701233;8.711939;8.713076;8.747079;8.756042;8.800685];
